rad       density     density_err 
0.005331  9806.37109   408.36363 
0.008992  9806.37109   545.37058 
0.011012  9716.46574   404.61973 
0.013485 11363.40076  3254.27968 
0.016514 10653.89282  1956.26194 
0.020177 11681.76118  4048.24988 
0.024652 11468.54501  3800.66990 
0.026968  8385.10149  1298.00572 
0.030189 11681.76118  4404.62219 
0.036800 11363.40076  4110.83857 
0.037141  7438.89320  2241.48576 
0.044243  7303.11810  2200.57403 
0.044962 11053.71654  3830.60448 
0.054431  7718.06308  1194.74881 
0.054809 10851.96348  4258.47897 
0.056474  7577.19255  1281.91599 
0.066965  9539.12025  2448.75826 
0.075136  6910.48174  1268.89886 
0.081442  6847.12606  1059.92859 
0.082007  7718.06308   213.92477 
0.100196  6910.48174   191.54070 
0.108855  6018.77798   845.47445 
0.115837  5695.19139  1045.74791 
0.122419  6018.77798   250.63808 
0.136097  5194.07628   804.03806 
0.149571  5591.24243   389.33082 
0.159165  4523.85132   830.66709 
0.162873  4482.37641   693.86760 
0.182746  4202.50582   411.06860 
0.190480  3940.10979   553.47816 
0.199457  3560.47814   809.25425 
0.202698  3560.47814   757.21339 
0.217194  3495.49209   441.13403 
0.223279  3560.47814   198.01209 
0.244821  3158.69959   264.37977 
0.245951  2988.87893   505.66112 
0.272175  2907.42368   161.69318 
0.272803  3307.56451   512.00783 
0.277875  2509.04427   570.27586 
0.288967  2627.29188   219.90152 
0.299122  2651.60191    36.68999 
0.326474  2418.28969    67.02874 
0.332544  2396.11867    33.15489 
0.333310  2509.04427   245.42246 
0.353060  2205.50641    30.51740 
0.377441  2185.28620   306.97322 
0.380933  2048.84132   113.94406 
0.407238  2125.73109   545.68990 
0.408177  1903.30472   132.53140 
0.435360  1751.89601   146.63182 
0.465424  1704.15198   312.91545 
0.489608  1470.64660   102.40444 
0.497564  1525.83764   236.19821 
0.554433  1341.24564   265.72226 
0.571280  1168.17612    81.34274 
0.607923  1125.92205   174.29166 
0.640986  1045.94374   161.91109 
0.652903   989.71083   124.90234 
0.655917   838.51015   105.82068 
0.671195   800.77098   112.48652 
0.734258   800.77098    67.02367 
0.744473   793.42946    77.60940 
0.816298   666.05229    55.74786 
0.862678   553.99816    30.81000 
0.897116   559.12424    38.93308 
0.909596   514.64567    14.26465 
0.974650   432.02445    42.25852 
0.979149   460.79560     6.37599 
0.990487   710.40879   559.07160 
1.061326   412.58014    28.72889 
1.111345   333.81690    37.38149 
1.224190   310.10468    21.59329 
1.267210   270.08989     7.48619 
1.354718   253.22602    21.19475 
1.357840   233.08178     9.70615 
1.468415   241.82897    69.25560 
1.544716   218.52862    65.84700 
1.659009   159.77482     8.88570 
1.713360   136.61813     7.59787 
1.823261   114.68545    11.21797 
1.935748    97.16466    12.26226 
2.026977    53.39595    52.73600 
2.103046   112.59220    49.42437 
2.659799    47.37054     3.29852 
2.684409    38.68195     7.66351 
2.740620    52.90641    19.94843 
2.936627    36.26672     3.54743 
3.161177    30.72616     5.64192 
3.434383    18.34460     3.90138 
3.498233    23.30818     5.98337 
3.571484    16.42511     3.01597 
3.783108    19.56628     7.67811 
3.988860    13.66181     1.33633 
4.152803    12.75031     1.14501 
4.554056    10.08294     0.90547 
4.940953    11.70458     1.04689 
5.350596     7.76050     0.69691 
5.823122     7.21437     0.64787 
6.279448     7.15358     0.63984 
6.693071     7.67134     0.68891 
7.128463     5.69162     0.51112 
7.643220     4.79267     0.42867 
8.183061     4.49455     0.40362 
8.773539     3.49086     0.31349 
9.399825     3.47986     0.31125 
9.961806     3.84111     0.34494 
10.469650     3.77052     0.33860 
10.964333     3.70725     0.33159 
11.403414     4.45210     0.39981 
11.836005     3.49955     0.31427 
12.280815     3.92088     0.35069 
12.698567     3.67979     0.33045 
13.138842     3.27810     0.29438 
13.565965     3.70289     0.33120 
13.950185     3.79886     0.34115 
14.316545     3.82572     0.34356 
14.703730     3.26777     0.29228 
15.065885     4.22200     0.37915 
15.389109     3.81462     0.34256 
15.738962     3.47715     0.31101 
16.106471     3.29829     0.29619 
16.467415     3.42026     0.30715 
16.816205     3.40754     0.30478 
17.159125     3.39619     0.30499 
17.482195     3.67130     0.32969 
17.799786     3.41069     0.30506 
18.147822     2.95208     0.26510 
18.461873     4.11575     0.36961 
18.725983     3.95687     0.35391 
18.992093     3.94017     0.35384 
19.298578     2.92812     0.26295 
19.595171     4.16194     0.37225 
19.886582     2.92842     0.26298 
20.201425     3.35938     0.30168 
20.474652     3.80071     0.33995 
20.704188     4.68586     0.42080 
20.940921     3.48987     0.31340 
21.210024     3.49780     0.31285 
21.466328     3.76094     0.33774 
21.702590     3.98706     0.35805 
21.949747     3.40430     0.30449 
22.216089     3.33402     0.29940 
22.482105     3.30519     0.29681 
22.742165     3.43680     0.30740 
23.010313     3.04394     0.27335 
23.293175     2.98369     0.26794 
23.550641     3.65740     0.32713 
23.805645     2.97096     0.26680 
24.061749     3.51758     0.31589 
24.301637     3.31961     0.29692 
24.525061     4.01867     0.36089 
24.738783     3.51114     0.31531 
24.960615     3.68209     0.32934 
25.173555     3.74353     0.33618 
25.391153     3.44255     0.30915 
25.624259     3.22911     0.28882 
25.855564     3.43551     0.30852 
26.079005     3.36771     0.30243 
26.303268     3.37925     0.30225 
26.524362     3.40731     0.30599 
26.733307     3.69990     0.33226 
26.949493     3.17038     0.28357 
27.189480     2.93711     0.26376 
27.416681     3.47282     0.31187 
27.630572     3.26523     0.29205 
27.837417     3.66985     0.32956 
28.033921     3.52294     0.31637 
28.247896     3.08725     0.27613 
28.448091     4.02708     0.36164 
28.635971     3.38669     0.30413 
28.830059     3.73651     0.33420 
29.027356     3.23883     0.29086 
29.229398     3.47734     0.31227 
29.428810     3.30316     0.29544 
29.643682     2.95774     0.26561 
29.851011     3.48748     0.31318 
30.033133     3.79228     0.33919 
30.231588     2.93742     0.26379 
30.429200     3.74921     0.33669 
30.624988     2.97184     0.26581 
30.831885     3.27908     0.29447 
31.023441     3.38537     0.30402 
31.213063     3.33118     0.29795 
31.398212     3.51217     0.31540 
31.566227     3.98043     0.35745 
31.728662     3.73665     0.33422 
31.907078     3.27207     0.29384 
32.101510     3.07646     0.27627 
32.298480     3.17324     0.28382 
32.477569     3.70365     0.33260 
32.639388     3.78924     0.34028 
32.813342     3.21915     0.28793 
33.003664     3.10948     0.27924 
33.198410     3.01472     0.27073 
33.385253     3.37622     0.30198 
33.566118     3.17418     0.28505 
33.748565     3.25478     0.29229 
33.925410     3.36973     0.30140 
34.102740     3.20369     0.28770 
34.262405     4.15300     0.37295 
34.410217     3.68419     0.32952 
34.574641     3.32014     0.29816 
34.751738     3.11559     0.27979 
34.922194     3.59105     0.32119 
35.081731     3.50637     0.31488 
35.248398     3.23830     0.29081 
35.409065     3.78505     0.33855 
35.559456     3.64301     0.32715 
35.725467     3.07444     0.27609 
35.900370     3.25732     0.29134 
36.063569     3.50182     0.31447 
36.219326     3.50983     0.31519 
36.379078     3.32928     0.29778 
36.548639     3.08796     0.27731 
36.720265     3.19169     0.28662 
36.882899     3.43828     0.30753 
37.047120     3.10504     0.27884 
37.215054     3.22751     0.28984 
37.386956     2.96453     0.26516 
37.548131     3.67925     0.33041 
37.703368     3.12274     0.28043 
37.858750     3.67105     0.32835 
38.004373     3.50627     0.31487 
38.162113     3.08967     0.27746 
38.332350     2.99833     0.26818 
38.496197     3.31600     0.29779 
38.652632     3.22600     0.28970 
38.812155     3.18816     0.28516 
38.975891     3.03755     0.27278 
39.136391     3.26799     0.29347 
39.294033     3.14511     0.28131 
39.452029     3.22705     0.28980 
39.612505     3.00231     0.26962 
39.772182     3.23448     0.29046 
39.922807     3.37072     0.30149 
40.084050     2.81908     0.25316 
40.258528     2.81231     0.25255 
40.413975     3.60412     0.32236 
40.573238     2.67342     0.24008 
40.736983     3.32852     0.29891 
40.893649     2.89950     0.25934 
41.063260     2.80336     0.25175 
41.228856     2.99634     0.26908 
41.379151     3.41376     0.30534 
41.529697     2.96532     0.26629 
41.690330     2.94002     0.26402 
41.838833     3.49649     0.31274 
41.982035     3.12537     0.28067 
42.138162     2.89381     0.25987 
42.298041     2.97841     0.26640 
42.448090     3.26994     0.29365 
42.593131     3.13280     0.28133 
42.757216     2.58107     0.23086 
42.921703     3.09197     0.27767 
43.081067     2.69435     0.24196 
43.241151     3.06415     0.27407 
43.380351     3.54726     0.31855 
43.517251     3.11575     0.27980 
43.679370     2.54897     0.22799 
43.831093     3.60899     0.32410 
43.968955     2.97319     0.26700 
44.113160     3.28117     0.29348 
44.262847     2.75347     0.24727 
44.413892     3.17024     0.28470 
44.562303     2.84975     0.25489 
44.718116     2.84786     0.25574 
44.875881     2.73894     0.24596 
45.019272     3.50114     0.31315 
45.152911     3.09850     0.27825 
45.284423     3.57326     0.32089 
45.415731     3.11438     0.27856 
45.563679     2.79007     0.25056 
45.706327     3.32004     0.29815 
45.847598     2.84561     0.25452 
45.986942     3.40058     0.30538 
46.115779     3.25501     0.29231 
46.253890     2.97145     0.26577 
46.400483     2.86533     0.25731 
46.539089     3.29303     0.29572 
46.673409     3.04754     0.27258 
46.824287     2.60344     0.23380 
46.974271     3.04274     0.27325 
47.113219     3.02004     0.27012 
47.261935     2.64941     0.23792 
47.417062     2.72662     0.24486 
47.572048     2.65814     0.23775 
47.712389     3.35310     0.30112 
47.836654     3.29589     0.29598 
47.979302     2.58955     0.23162 
48.123581     3.19299     0.28674 
48.243444     3.67576     0.33009 
48.362176     3.26025     0.29161 
48.485117     3.40030     0.30536 
48.613887     2.94525     0.26449 
48.753543     2.88429     0.25798 
48.886838     3.22663     0.28976 
49.014113     3.11071     0.27935 
49.149331     2.87079     0.25677 
49.289826     2.86006     0.25684 
49.423714     3.12490     0.28062 
49.554037     3.02168     0.27027 
49.692223     2.76741     0.24852 
49.841024     2.56963     0.23076 
49.988809     2.81302     0.25160 
50.126282     2.94980     0.26490 
50.270743     2.52538     0.22679 
50.416599     2.89598     0.25902 
50.551683     2.91535     0.26181 
50.687491     2.82743     0.25391 
50.823932     2.89575     0.25900 
50.957782     2.92237     0.26244 
51.087817     3.02873     0.27199 
51.222829     2.72594     0.24382 
51.358172     2.99726     0.26916 
51.489324     2.85827     0.25668 
51.631509     2.56410     0.22934 
51.773768     2.83943     0.25499 
51.915026     2.56387     0.23024 
52.051203     3.08024     0.27551 
52.172837     3.17375     0.28501 
52.298481     2.85656     0.25653 
52.432541     2.78956     0.24951 
52.569156     2.73598     0.24570 
52.707595     2.68093     0.24076 
52.842683     2.88462     0.25801 
52.972844     2.87004     0.25774 
53.100332     2.96931     0.26665 
53.230047     2.78364     0.24898 
53.372526     2.45375     0.22035 
53.514243     2.77822     0.24949 
53.652496     2.57920     0.23069 
53.775825     3.56680     0.32031 
53.895186     2.69580     0.24209 
54.026969     2.88282     0.25785 
54.167769     2.36783     0.21264 
54.315941     2.55023     0.22902 
54.452887     2.78003     0.24865 
54.593133     2.42498     0.21777 
54.739673     2.50353     0.22482 
54.886948     2.40769     0.21535 
55.031537     2.58679     0.23230 
55.164312     2.81880     0.25314 
55.304057     2.35773     0.21088 
55.458971     2.26291     0.20322 
55.598359     2.92093     0.26231 
55.734351     2.37238     0.21219 
55.888693     2.23177     0.20042 
56.035578     2.59825     0.23333 
56.170396     2.64143     0.23626 
56.298418     2.87433     0.25812 
56.416963     3.03830     0.27285 
56.550088     2.32801     0.20822 
56.691546     2.64126     0.23719 
56.823045     2.64718     0.23772 
56.968242     2.19366     0.19621 
57.113311     2.63889     0.23698 
57.241233     2.76037     0.24789 
57.376014     2.39691     0.21439 
57.510530     2.75910     0.24777 
57.637226     2.65392     0.23833 
57.782333     2.13591     0.19104 
57.929923     2.54262     0.22833 
58.070565     2.30721     0.20719 
58.206879     2.72710     0.24392 
58.333304     2.65309     0.23825 
58.453517     2.99023     0.26853 
58.578565     2.47559     0.22142 
58.707032     2.80732     0.25211 
58.841288     2.25451     0.20246 
58.975893     2.80075     0.25051 
59.091879     2.99450     0.26891 
59.212161     2.58303     0.23196 
59.341411     2.58948     0.23161 
59.469157     2.63328     0.23648 
59.603074     2.33488     0.20968 
59.743636     2.39024     0.21379 
59.876012     2.62765     0.23597 
60.000699     2.65387     0.23832 
60.119831     2.87128     0.25785