     rad density density_err 
     0.007326 58354.11038 14979.90445 
     0.007671 62816.16990 22724.45893 
     0.012327 61104.25487 21175.34239 
     0.014992 54710.59684 11635.40256 
     0.018149 48536.83491  4747.63622 
     0.018317 53219.58119 13661.83523 
     0.022483 48091.84653  8136.22020 
     0.027469 44266.11954  6218.18472 
     0.029638 36146.93287  4047.80657 
     0.033485 38910.91581  3256.80196 
     0.041006 33271.42888   922.19805 
     0.041290 30343.90378  4697.20739 
     0.049986 31194.02763  1734.82166 
     0.052948 25007.56766  6050.98198 
     0.061214 28188.46665  1962.82650 
     0.064692 22390.89496  4761.91253 
     0.065441 27673.96915  3492.47809 
     0.072920 22390.89496  2190.16803 
     0.074619 25472.49306  3214.64996 
     0.076533 23018.20495   638.00517 
     0.088074 19864.21708  1383.19023 
     0.091379 22185.61400  3116.47480 
     0.099735 19864.21708  1662.61369 
     0.111391 16985.23080   235.02317 
     0.111647 19145.70895  3239.08760 
     0.119083 16829.50927   935.95471 
     0.123268 16985.23080  1902.04046 
     0.134539 17461.09409  5000.55263 
     0.134849 14523.50547   402.55405 
     0.136097 14793.51759   616.04181 
     0.136411 17461.09409  5523.38082 
     0.140880 10329.31335  4858.89841 
     0.141856 11750.90871  3016.53968 
     0.142840 13003.83507  1088.40706 
     0.146504 14258.42162  1394.68919 
     0.158434 13003.83507   905.48636 
     0.159900 11222.03070  1576.38981 
     0.162873 12766.48833  1068.54139 
     0.165519 12418.56608   864.73276 
     0.165901 11325.86687   788.64565 
     0.166667 13742.68059  3123.54752 
     0.170157 12080.12568   841.16639 
     0.181907 10521.34963   438.13726 
     0.184862  8204.86524  3346.39982 
     0.186573  9079.69902  2063.70738 
     0.190480 11017.20556  1077.64926 
     0.203633 10521.34963  1477.96319 
     0.210789  7414.32216  2569.39244 
     0.212251  9163.71244   253.99443 
     0.212740  7908.08726  1797.41399 
     0.217194  9684.37176  1222.17583 
     0.223794  8357.40508   348.02480 
     0.237601  6398.40097  2412.52483 
     0.239800  8591.54863   962.09897 
     0.244821  8512.78084  1074.32007 
     0.248799  9420.44574  3121.93086 
     0.258731  8913.97584  2819.71353 
     0.264149  5676.37989  1967.11813 
     0.266593  8129.64259  1728.94594 
     0.269060  7278.99553   506.85287 
     0.272175  7552.16470  1060.87354 
     0.286978  5943.89943   750.12509 
     0.290301  5371.20159  1378.82466 
     0.292313  7146.13889  1415.76465 
     0.292987  6281.61699   174.11019 
     0.299122  6577.66048   736.57971 
     0.303983  7346.34724  2323.83339 
     0.306090  6699.94832  1230.24083 
     0.316846  5035.83454   924.67717 
     0.319778  5420.90071   301.47745 
     0.326474  5889.40543   576.07289 
     0.342648  4550.62923   835.58404 
     0.346616  4989.66573   138.30064 
     0.353060  5224.82144   437.31196 
     0.371406  4943.92020   553.63017 
     0.380933  4678.12102   325.74812 
     0.396140  3785.04853   640.35778 
     0.399805  3681.89545   729.44250 
     0.403505  4000.10556   166.57514 
     0.408177  4345.81718   425.08662 
     0.413856  4000.10556    55.34912 
     0.416724  3581.55358   503.11078 
     0.435360  4074.47308   630.72455 
     0.446528  3648.13963   101.11701 
     0.448589  2844.92913   985.89449 
     0.453784  3927.09541   721.09110 
     0.475170  2767.39692   669.61606 
     0.476265  3516.18286   393.74926 
     0.479566  3420.35711   334.56263 
     0.489608  3581.55358   761.69554 
     0.493002  3648.13963   936.50272 
     0.538082  3483.94630  1420.94683 
     0.540566  3177.39679   815.65977 
     0.554433  3266.41569  1231.60599 
     0.559563  2924.63352   621.98715 
     0.571280  2871.25294   652.60157 
     0.587285  2793.00332   758.33396 
     0.633649  2259.80754   253.05781 
     0.640986  2118.70969    88.22876 
     0.652903  2239.08950   411.14038 
     0.661986  2080.03888   232.92696 
     0.677406  2080.03888   351.90278 
     0.680532  2004.80184   253.00767 
     0.712605  1778.57201    98.91333 
     0.722518  1730.10098    72.04605 
     0.727526  1534.86949   171.87779 
     0.732569  1637.08584    45.37579 
     0.734258  1778.57201   249.84095 
     0.792225  1412.76996    19.54838 
     0.805098  1300.38351   127.19717 
     0.816298  1479.35176   186.69543 
     0.827654  1374.26806    76.42841 
     0.848885  1241.85661    34.42106 
     0.870660  1219.19017    16.86983 
     0.884807  1196.93744    33.17601 
     0.897116  1276.64883   215.98455 
     0.950274  1032.93134    14.29258 
     0.967941  1023.46136    42.61968 
     0.979149  1042.48893   101.97118 
     1.011227   883.22520    36.77987 
     1.037167   790.80873   122.41644 
     1.061326   883.22520    73.92500 
     1.108789   812.96426    68.04424 
     1.132006   695.13868    58.18236 
     1.142480   645.76046    99.96310 
     1.224190   734.63472   177.75665 
     1.238365   616.69646     8.53318 
     1.345392   552.16828    54.01041 
     1.360971   557.27743    94.28068 
     1.376730   552.16828    93.41631 
     1.412046   459.27357    12.72988 
     1.468415   480.91847    81.36220 
     1.513034   368.18955    46.46583 
     1.584341   354.87177    14.77781 
     1.587994   459.27357   173.16966 
     1.599001   364.81396    15.19183 
     1.624983   364.81396    30.53454 
     1.713360   338.89991    52.46138 
     1.737196   407.44731   211.12546 
     1.794109   247.78297    38.35657 
     1.831676   364.81396   194.90538 
     1.848625   204.20739    73.87433 
     1.874342   217.80681    43.15102 
     1.887334   247.78297     6.86790 
     1.958163   215.80994    12.00203 
     2.003774   259.46062    82.07388 
     2.031649   204.20739     2.82560 
     2.074191   257.08187   112.85070 
     2.132302   159.24707    33.86737 
     2.202159   169.85231     4.70787 
     2.237942   110.17206    69.70704 
     2.258649   107.16956    69.60098 
     2.269074   198.64217    74.89827 
     2.316588   198.64217    93.44107 
     2.403526   173.01010    65.23367 
     2.448210   149.30400    31.75276 
     2.476559   123.04712     5.12401 
     2.534246   147.93518    51.26612 
     2.557695   163.70858    92.77545 
     2.684409    92.48503    12.99163 
     2.690598   115.36430    22.85552 
     2.721753   105.21350    10.29147 
     2.804457   117.50909    46.11239 
     2.923134    69.51387    17.84469 
     2.936627    84.34735     5.87330 
     3.067953    79.81260    13.50276 
     3.139415    76.22044    15.10049 
     3.333103    50.35835     9.24677 
     3.371699    56.24339     1.55892 
     3.426484    65.77660    22.79452 
     3.604531    35.81554    14.05457 
     3.774407    36.48140     5.12464 
     3.871228    33.57929     5.19804 
     3.952290    32.06797     4.50468 
     4.063018    25.70819     9.30023 
     4.138555    25.23896     7.60500 
     4.157658    37.50347    12.99662 
     4.542711    14.55546     1.66963 
     4.717327    15.41865     1.76864 
     4.913280    10.91217     1.25171 
     5.117314    12.95457     1.48599 
     5.323470    10.01539     1.14136 
     5.549306     9.82635     1.12716 
     5.755027    11.08407     1.27143 
     5.948923    10.26024     1.17693 
     6.173134     7.82977     0.89814 
     6.423593     7.61098     0.86735 
     6.684979     6.64958     0.76276 
     6.951351     6.67614     0.76581 
     7.224186     5.87428     0.67383 
     7.531729     4.86577     0.55814 
     7.874545     4.37676     0.49878 
     8.265050     3.43998     0.39459 
     8.714595     2.93038     0.33614 
     9.155660     3.23428     0.37100 
     9.624832     2.37178     0.27206 
    10.179717     2.07596     0.23658 
    10.860716     1.42402     0.16335 
    11.734664     1.06727     0.12242 
    12.930386     0.65616     0.07527 
    14.927070     0.31558     0.03620 
    17.653143     0.24067     0.02743 
    21.189635     0.13628     0.01563 
    25.562975     0.10381     0.01191 
    29.580239     0.11763     0.01349 
    33.310326     0.09115     0.01046 
    37.217343     0.08597     0.00980 
    40.869380     0.08520     0.00977 
    43.988032     0.09950     0.01141 
    47.122955     0.07321     0.00840 
    50.150996     0.09459     0.01085 
    52.740446     0.08838     0.01007 
    55.130900     0.10196     0.01170 
    57.242187     0.10204     0.01170 
    59.225597     0.10772     0.01236 
    61.305836     0.08713     0.00999 
    63.478841     0.09275     0.01057 
    65.484533     0.09571     0.01098 
    67.272662     0.10921     0.01253 
    69.001822     0.09675     0.01110 
    70.755055     0.10088     0.01157 
    72.510325     0.09307     0.01061 
    74.281938     0.09428     0.01081 
    75.902264     0.10530     0.01208 
    77.279004     0.12622     0.01448 
    78.639941     0.10380     0.01191 
    80.174520     0.09629     0.01097 
    81.932334     0.07656     0.00878 
    83.590764     0.10421     0.01195 
    84.972808     0.10349     0.01187 
    86.409022     0.09351     0.01073 
    87.898520     0.09407     0.01072 
    89.421057     0.08654     0.00993 
    90.834094     0.10543     0.01209 
    92.123650     0.09977     0.01144 
    93.489023     0.09145     0.01049 
    94.840652     0.10028     0.01143 
    96.036652     0.11414     0.01309 
    97.187444     0.10388     0.01192 
    98.465778     0.09042     0.01037 
    99.658150     0.11827     0.01357 
   100.751978     0.10473     0.01193 
   101.802745     0.12639     0.01450 
   102.835312     0.10455     0.01199 
   103.982464     0.09949     0.01141 
   105.070307     0.11438     0.01312 
